241
371
360
356
116
339
315
190
202
361
126
217
157
378
205
314
340
317
98
364
346
201
120
354
157
143
365
317
355
371
103
375
351
111
120
334
175
132
142
129
354
177
356
169
86
383
130
76
143
174
113
205
239
374
358
350
77
180
139
198
142
383
172
154
157
219
341
152
288
364
182
255
365
88
269
179
285
372
130
372
75
90
163
144
370
236
378
83
382
257
376
86
344
363
122
371
380
224
70
341
119
174
374
337
145
314
141
370
108
328
201
335
225
82
356
380
205
189
376
359
369
375
320
295
175
178
79
140
79
102
375
116
384
125
212
372
367
269
357
129
89
127
368
122
119
358
74
148
317
138
80
184
191
179
71
218
292
150
108
382
164
381
373
97
382
77
384
312
375
204
337
366
379
373
237
188
373
151
151
136
146
336
97
118
77
168
369
335
177
353
115
159
111
377
159
366
284
242
108
70
340
91
105
381
384
138
344
331
354
142
348
372
250
150
157
145
107
86
133
363
102
72
363
125
365
349
384
339
268
73
223
361
368
301
186
107
373
375
159
372
248
79
120
133
349
74
87
74
372
370
360
272
171
110
177
205
313
144
66
356
200
213
133
381
224
145
379
99
151
364
381
372
339
109
112
114
70
331
174
361
143
380
164
120
111
344
187
70
177
197
68
175
165
353
380
70
350
187
187
107
381
367
234
163
351
211
71
377
372
321
361
291
359
372
65
375
277
86
328
367
144
368
73
159
377
355
380
381
365
121
334
112
160
383
140
209
341
359
122
131
353
197
337
197
68
101
167
363
361
136
65
250
381
244
201
362
74
180
381
106
295
111
213
150
99
318
315
349
208
133
151
107
373
141
105
368
380
332
304
167
97
148
371
129
84
212
371
263
99
373
125
147
201
260
180
369
201
99
205
126
377
161
367
219
142
229
375
94
134
131
329
154
376
329
82
118
144
379
338
175
161
359
132
148
307
380
367
228
149
112
296
377
146
362
162
379
190
73
88
284
372
190
100
69
379
373
150
333
169
243
159
166
371
347
162
365
131
108
242
65
364
174
234
322
376
120
372
193
74
81
177
374
262
104
108
136
114
180
127
124
238
212
121
326
215
95
168
207
150
77
232
101
153
228
376
97
286
105
199
74
379
123
190
383
366
209
356
131
342
355
356
136
211
91
378
84
315
379
157
367
370
221
381
252
352
145
118
201
131
367
186
210
142
376
212
98
326
139
95
368
341
304
177
180
375
369
96
117
363
374
176
376
170
316
141
209
358
374
356
289
234
185
71
168
384
343
330
382
372
217
384
376
376
172
133
66
363
78
350
381
382
366
343
366
337
76
339
357
127
297
339
186
256
180
312
358
381
361
326
243
267
383
372
67
106
383
354
363
357
317
212
349
85
141
176
357
231
195
207
107
67
370
134
214
178
154
379
307
182
371
360
147
336
159
107
131
93
325
134
77
382
219
366
114
365
161
68
383
118
351
122
328
66
171
362
67
91
227
366
126
192
163
117
253
353
384
374
283
307
135
66
378
361
338
378
297
363
194
78
224
124
295
381
135
347
369
134
71
356
370
315
325
354
359
308
97
364
366
301
325
160
143
255
139
319
187
369
360
72
350
348
65
350
175
78
312
378
351
170
332
73
191
141
193
142
322
80
257
146
119
78
360
162
267
363
380
164
339
84
103
359
167
346
87
115
380
125
107
358
73
173
366
115
159
340
383
357
269
174
186
102
117
355
363
382
379
363
164
237
217
214
126
181
83
335
114
147
336
365
126
354
169
178
95
194
235
93
217
361
356
357
184
354
373
376
198
187
379
336
350
165
155
98
374
383
368
161
297
85
76
92
297
333
366
377
103
383
338
365
122
355
83
122
167
316
195
362
116
366
89
101
236
358
241
169
376
175
363
322
110
364
127
358
168
210
132
169
82
363
337
182
165
370
353
359
216
328
384
106
145
73
224
292
376
176
123
172
226
210
120
105
313
250
178
383
175
105
350
319
374
187
337
77
360
192
179
143
189
109
242
234
206
222
331
378
150
150
376
66
384
125
370
338
366
322
360
383
370
370
329
213
149
367
147
178
318
384
119
337
368
355
359
293
325
115
180
330
175
147
364
145
92
311
154
352
294
166
337
362
350
170
357
376
218
199
89
369
333
384
87
361
369
158
305
149
329
141
375
314
369
225
102
87
379
317
347
360
214
364
375
154
104
106
68
129
320
193
92
370
107
103
372
360
261
380
367
111
351
357
311
100
225
372
364
164
370
363
160
218
213
330
165
341
173
124
338
113
382
339
301
149
200
358
345
76
350
111
88
369
173
358
186
193
199
344
97
382
273
377
364
341
337
169
324
331
155
148
359
196
227
342
353
82
384
322
323
324
362
108
340
75
187
182
90
161
382
244
111
180
370
287
148
136
384
361
130
255
116
89
303
186
85
133
109
183
176
354
383
353
148
118
232
130
355
138
69
321
380
95
342
123
244
177
131
194
304
177
156
312
158
228
344
289
155
168
349
376
365
146
92
166
64
379
331
344
66
130
315
237
362
124
87
376
169
122
358
95
376
364
369
101
336
316
198
371
247
286
142
104
77
318
312
368
104
361
69
367
380
379
79
355
228
273
134
347
380
128
324
363
373
97
364
189
366
138
101
355
306
375
117
79
358
233
172
108
140
369
360
104
371
363
369
381
143
369
145
202
172
120
349
343
96
121
156
376
124
322
127
347
235
383
345
375
376
259
352
362
364
310
314
88
381
125
168
185
367
191
337
136
379
162
95
367
208
128
289
217
111
375
363
358
281
368
381
98
136
362
362
381
375
126
361
379
142
371
80
176
167
303
114
300
127
368
379
159
369
88
365
241
70
380
354
358
150
364
148
136
108
372
151
319
138
299
384
372
341
356
344
349
133
122
111
71
225
326
204
92
365
163
382
349
246
343
114
307
122
111
368
350
354
196
242
167
382
378
369
136
166
174
213
130
186
211
374
266
162
347
100
136
357
143
86
227
131
118
159
87
145
202
69
119
302
380
360
322
257
172
363
119
354
209
348
333
241
102
94
355
203
222
375
140
356
142
361
126
267
347
249
380
109
345
100
330
209
148
177
120
137
88
339
383
197
332
176
364
339
156
107
241
373
172
183
94
365
164
113
204
351
283
126
284
183
362
112
67
114
170
130
377
158
90
372
365
383
119
364
176
377
230
218
100
92
96
363
130
102
344
65
163
378
367
85
369
338
200
180
383
360
141
115
359
131
365
187
82
379
366
354
364
373
259
81
331
91
354
322
143
156
185
164
379
136
342
371
350
356
380
366
168
332
145
355
260
118
66
170
157
297
189
113
325
109
241
113
355
303
157
165
201
220
198
113
231
370
272
307
359
114
158
370
207
146
367
217
137
141
371
326
250
378
297
370
110
366
371
204
95
338
145
150
79
323
201
198
370
382
142
324
376
72
162
272
102
350
230
366
109
205
194
279
294
330
263
188
369
380
104
382
369
147
371
116
80
87
376
159
349
109
221
283
192
124
133
200
259
384
164
120
95
156
341
83
367
145
364
162
105
127
325
120
348
175
336
320
222
381
166
240
248
70
181
366
165
99
151
114
286
110
350
151
382
118
332
192
327
83
162
245
163
91
112
340
296
355
217
229
169
134
202
375
347
372
239
333
362
173
363
236
105
333
249
75
364
376
91
356
372
361
115
130
278
112
164
154
362
147
132
152
359
98
177
356
379
173
169
357
162
118
162
117
345
80
352
123
365
344
347
99
173
204
65
133
84
299
66
352
189
164
273
84
258
101
122
383
92
218
382
374
341
64
147
334
278
358
366
382
67
78
148
205
368
122
141
319
343
307
214
101
355
381
378
138
161
148
94
311
125
241
180
378
361
380
191
73
76
119
266
148
278
148
355
368
91
366
339
87
183
221
376
167
333
371
365
374
359
376
250
320
79
209
232
240
93
242
182
298
120
263
380
64
159
383
293
352
122
120
107
256
205
71
134
350
379
277
136
206
288
373
373
189
336
372
365
354
342
366
152
372
104
375
68
372
288
384
162
342
162
361
255
370
175
359
365
183
377
139
180
369
349
72
294
67
348
158
202
99
366
115
359
368
82
382
358
206
360
143
377
372
351
131
205
236
108
108
354
340
367
298
200
377
155
345
334
290
267
78
111
207
369
125
376
178
283
66
153
370
160
372
377
252
182
377
126
171
178
160
320
376
102
156
133
379
290
342
269
170
107
124
149
189
155
125
171
367
81
299
234
75
383
165
202
337
112
70
361
378
383
121
264
135
75
383
361
209
228
166
121
189
370
154
352
382
153
123
201
360
87
344
365
83
128
64
84
247
365
367
76
197
193
105
288
143
77
384
315
172
152
139
134
234
93
313
320
90
372
220
342
258
86
78
159
152
246
85
348
358
358
81
224
384
293
379
354
324
366
354
149
372
76
361
370
270
194
146
157
369
220
201
218
201
248
156
133
175
200
289
253
373
378
374
379
355
114
153
316
229
101
101
179
156
105
123
247
357
145
380
347
168
180
352
88
153
358
364
92
151
149
301
215
144
138
346
343
75
162
366
362
203
325
368
353
343
381
77
247
80
227
126
81
362
220
381
141
121
212
348
371
375
194
92
124
209
379
115
114
210
346
364
362
69
73
115
102
235
375
170
278
138
150
150
340
241
296
156
75
77
364
340
290
301
81
95
128
143
273
190
238
372
208
278
187
354
377
327
342
382
204
151
354
123
129
360
208
82
123
79
105
155
350
196
209
339
381
365
136
370
120
384
168
68
155
84
159
121
154
382
188
199
381
201
89
244
316
175
100
64
141
72
65
367
246
133
353
187
217
152
218
373
129
372
366
139
333
130
369
160
234
181
379
120
376
180
375
292
163
123
147
93
180
100
172
311
127
333
66
155
125
214
363
377
203
323
191
110
341
384
81
283
149
346
365
346
138
350
383
125
369
369
137
356
237
86
77
96
310
107
169
142
137
78
120
223
295
241
370
77
161
149
367
198
383
130
154
376
89
158
105
137
126
338
139
166
103
78
353
111
310
97
364
228
96
292
372
128
377
363
77
336
112
202
162
218
119
74
142
371
342
352
99
341
202
208
332
259
207
147
92
149
120
167
373
363
366
84
113
340
140
193
368
226
317
379
191
361
66
85
70
377
208
164
150
301
132
349
98
109
259
73
363
320
380
69
227
187
130
220
184
148
320
114
186
227
164
353
383
382
369
355
168
297
312
280
353
160
180
170
129
381
70
143
318
124
377
381
371
142
92
103
105
182
175
72
221
153
207
267
121
383
356
94
127
93
366
335
215
159
196
188
184
134
137
67
86
67
71
376
198
354
375
355
130
137
335
354
371
69
180
364
233
344
67
354
167
351
150
331
312
173
368
378
164
370
368
353
216
327
369
375
346
345
357
356
90
293
230
223
124
306
139
262
217
337
241
378
328
278
273
159
141
349
355
212
347
349
369
336
341
378
115
106
137
355
114
367
340
360
225
374
329
153
368
72
72
327
153
90
319
357
75
83
206
147
174
100
321
338
171
81
124
215
365
370
346
82
240
167
300
331
214
186
161
203
383
119
158
170
267
371
144
122
366
104
89
85
370
365
357
272
354
134
366
344
219
371
121
177
128
375
335
239
176
352
234
361
236
81
138
380
107
159
87
183
383
205
101
234
367
374
109
86
93
367
354
341
231
113
295
155
90
191
282
166
133
86
287
194
81
340
343
370
147
271
154
177
311
180
371
104
337
358
383
268
133
339
165
83
352
136
127
101
122
82
129
349
175
157
376
351
204
122
299
380
124
289
268
72
114
365
202
140
211
117
333
183
379
65
78
245
99
176
201
118
342
361
304
373
359
207
106
360
86
71
366
336
350
230
240
371
158
104
328
310
265
382
145
112
122
180
243
370
235
99
362
275
351
164
124
384
355
64
358
370
133
109
289
357
369
384
212
333
218
148
370
370
260
201
274
203
355
131
383
107
176
288
365
231
369
99
380
203
268
332
169
132
151
105
327
76
136
185
383
365
79
378
198
128
122
69
345
99
378
214
350
121
154
283
76
111
312
136
242
145
191
139
348
145
365
67
155
178
355
222
206
256
258
179
182
379
347
358
183
143
208
259
186
251
376
379
298
138
339
85
369
218
166
84
358
352
252
305
316
215
116
343
194
98
339
363
152
169
347
140
382
138
162
355
232
96
177
113
373
383
364
130
268
104
272
142
107
94
168
209
302
164
107
278
212
139
352
381
384
167
122
354
251
150
106
328
84
140
300
384
377
370
105
218
108
378
364
220
321
222
140
380
102
141
101
126
72
81
111
64
75
156
352
146
352
195
379
322
336
245
348
72
366
186
67
362
288
364
172
332
95
340
201
373
201
358
121
372
246
358
165
141
95
172
127
379
245
368
351
174
181
375
143
234
370
361
109
221
348
335
382
367
364
78
368
80
263
146
68
159
221
372
193
218
321
324
378
348
370
84
381
142
124
365
168
193
93
198
242
365
326
362
137
293
86
148
172
344
156
213
346
233
364
291
271
164
261
148
304
111
172
93
143
153
64
100
373
135
129
304
194
328
129
363
354
379
351
104
73
135
325
374
88
150
107
133
116
363
69
370
66
122
273
79
94
97
340
207
251
106
213
109
367
68
97
374
123
127
111
118
341
323
72
359
94
66
177
351
340
379
376
114
349
152
111
332
183
380
369
200
248
372
95
227
377
105
94
195
262
227
367
77
113
231
243
371
364
198
175
69
377
296
346
97
201
378
363
363
373
348
352
288
383
312
157
366
84
302
318
104
366
344
208
142
176
83
78
155
364
158
232
143
240
366
190
181
377
107
117
232
150
216
383
372
373
125
81
257
168
152
115
207
129
350
362
369
354
365
359
365
114
92
345
375
369
384
328
103
352
247
150
368
76
339
337
198
362
340
154
361
101
196
161
296
91
173
383
382
97
147
185
122
377
137
76
236
202
194
338
130
108
96
66
118
189
112
341
376
182
365
111
68
119
155
105
80
107
133
331
109
376
384
359
91
366
121
97
104
141
380
306
169
342
91
117
173
383
65
381
230
249
201
375
68
345
342
310
352
323
133
314
327
202
149
199
160
371
93
165
218
181
346
106
344
376
194
247
76
112
146
135
114
219
82
168
168
163
167
145
89
227
167
361
134
156
372
344
361
82
359
122
362
173
375
357
361
109
380
232
378
305
135
111
271
124
148
82
233
158
380
127
102
71
343
193
378
100
220
144
155
136
346
372
93
381
269
198
219
384
335
174
227
272
71
145
381
77
365
357
363
160
280
279
361
292
99
96
94
381
204
109
245
147
359
369
123
154
135
126
129
120
330
354
119
198
253
134
251
344
330
97
110
66
139
165
183
82
188
365
322
100
273
366
67
83
339
282
85
160
355
371
319
211
282
311
229
246
372
157
383
73
119
381
356
137
343
171
124
175
256
212
122
364
301
384
208
328
361
340
350
335
74
174
238
314
136
247
357
168
89
85
100
339
311
379
85
282
228
156
271
364
367
167
307
197
382
75
371
366
381
339
94
247
169
120
350
157
173
130
353
310
153
375
162
108
88
122
207
356
332
94
66
183
135
244
120
115
368
374
357
328
362
158
364
317
372
75
125
133
321
157
370
120
362
382
373
186
209
66
147
245
252
211
157
65
216
117
351
116
376
90
200
358
325
366
106
341
224
355
380
263
375
249
131
351
365
365
111
89
202
383
370
120
200
72
214
328
208
380
267
379
221
361
160
382
363
375
65
368
165
355
363
64
381
360
86
93
199
336
337
384
360
103
377
79
157
179
378
88
271
235
199
384
267
103
176
145
85
67
379
94
383
359
118
361
271
149
324
175
174
145
372
162
228
383
124
115
65
83
289
324
383
212
371
338
129
366
374
134
378
83
204
110
340
349
71
167
348
95
342
100
138
127
356
355
250
335
380
116
211
109
251
161
236
66
112
144
195
354
257
177
148
370
74
142
135
215
368
383
379
101
219
384
351
371
203
161
76
107
111
161
85
371
348
142
371
262
291
75
154
70
239
380
120
379
205
252
377
125
257
145
118
146
97
85
150
102
166
153
352
351
348
370
358
121
96
79
122
355
72
174
349
373
99
221
355
349
98
72
327
111
147
181
331
113
364
67
368
134
145
147
108
158
148
342
143
153
118
104
365
364
218
69
104
71
257
334
365
366
73
88
357
302
130
174
372
76
173
378
199
69
381
381
153
186
108
132
350
368
65
298
67
157
118
292
95
73
360
320
135
377
94
247
379
358
121
65
259
100
368
306
78
194
149
380
232
140
381
363
182
140
382
96
371
117
154
196
365
376
369
379
176
258
257
93
344
95
349
118
189
78
88
369
365
121
117
163
376
105
184
359
368
245
371
195
136
214
182
188
199
340
172
227
207
127
382
216
244
343
351
194
334
367
254
92
368
198
167
158
365
359
364
147
354
344
355
92
138
131
146
381
123
131
186
189
121
90
225
135
381
177
339
69
112
346
102
328
119
332
125
321
372
122
244
98
182
339
149
164
220
266
380
325
134
227
154
357
154
361
206
74
229
372
232
104
247
350
130
199
106
339
137
260
366
113
72
176
130
372
143
147
381
88
134
130
169
242
126
383
146
352
358
299
139
344
127
162
275
349
140
330
309
254
113
210
66
315
358
80
307
80
142
384
78
133
375
382
316
99
111
361
181
105
330
378
98
376
368
110
154
208
264
91
371
372
367
352
135
133
306
374
138
184
249
330
382
99
341
166
375
338
143
257
169
382
152
181
253
381
357
121
366
368
362
105
98
215
166
81
253
337
373
383
68
384
149
363
366
373
317
66
264
341
86
346
253
114
355
380
225
305
379
126
157
138
177
137
77
377
228
248
346
139
142
380
124
375
116
116
367
92
350
100
196
116
344
378
369
64
122
298
154
360
340
273
215
376
360
352
376
315
243
355
378
162
71
383
382
116
74
131
364
198
313
344
93
346
216
373
137
206
377
131
370
170
99
94
133
160
351
353
161
182
103
103
106
373
362
276
176
107
369
381
119
89
179
359
147
121
83
82
364
375
343
361
130
150
369
94
112
376
355
220
75
356
362
319
84
131
226
171
246
357
371
275
75
368
83
195
72
353
181
367
193
273
140
321
326
381
376
211
380
115
220
320
341
119
300
282
115
344
179
150
366
376
82
96
187
193
113
83
195
359
139
134
371
202
361
363
379
176
267
350
376
350
112
240
95
83
312
104
243
383
351
180
184
132
373
97
352
379
161
336
367
275
121
373
369
322
381
101
332
362
338
383
121
248
84
145
126
104
381
374
359
373
311
123
114
372
143
362
78
370
383
77
112
269
363
360
194
73
106
167
245
160
368
121
337
380
321
137
84
139
141
378
234
142
187
199
87
361
227
214
144
383
229
344
372
148
151
222
347
336
335
153
377
78
384
146
367
354
346
372
102
381
364
114
215
266
108
198
125
112
143
285
233
344
361
245
94
162
274
119
125
344
82
134
363
229
139
179
232
110
71
383
350
380
368
377
298
384
376
336
364
91
364
279
122
139
303
361
216
132
367
373
360
187
361
122
152
293
375
323
207
374
207
310
95
365
250
137
135
289
379
209
66
205
169
287
376
142
274
117
383
177
105
249
72
107
89
331
156
109
222
273
359
288
375
374
140
370
368
348
206
187
176
314
132
77
341
357
348
146
356
278
85
81
108
112
365
344
180
378
379
146
311
301
143
83
294
161
379
135
280
367
70
378
362
377
179
274
150
155
293
315
226
349
147
165
191
93
72
163
322
364
81
141
355
106
167
217
384
76
78
355
155
114
161
341
70
383
150
64
143
370
151
371
382
190
371
369
116
113
214
348
338
364
335
342
357
88
159
73
154
382
107
303
173
95
373
250
89
160
209
217
215
342
360
247
308
375
368
216
350
344
356
245
116
371
339
373
211
341
138
380
308
145
377
90
352
344
359
358
373
362
328
143
105
339
188
314
109
380
260
81
203
124
89
168
368
301
367
376
349
216
117
295
343
71
170
68
144
90
136
147
103
331
72
375
189
78
214
175
174
378
135
360
339
373
381
376
331
112
139
380
373
360
162
365
206
176
130
257
136
163
104
224
362
155
162
77
384
115
382
132
159
80
114
378
263
161
368
108
382
107
72
148
361
362
384
360
168
347
85
78
383
365
184
78
178
134
233
334
282
171
375
155
191
262
119
383
113
274
211
168
68
119
301
151
128
284
326
378
368
364
212
137
105
330
156
112
137
366
383
355
114
143
362
172
163
299
139
326
156
369
73
144
367
132
181
356
184
302
286
368
355
370
97
237
126
102
373
147
326
104
345
159
318
192
384
366
174
383
365
117
91
333
66
142
362
369
170
129
111
164
354
377
362
195
104
368
312
317
151
100
209
372
379
81
151
380
172
132
102
104
235
165
160
166
211
215
183
355
105
362
347
383
328
380
351
380
94
335
85
215
119
299
176
149
300
161
285
351
164
78
138
94
78
86
162
138
187
360
81
213
79
324
184
357
343
161
348
364
364
349
374
373
73
69
355
132
210
192
126
256
368
382
378
373
377
355
124
195
375
170
200
376
366
366
376
128
148
243
172
87
383
380
163
359
210
357
347
378
187
178
101
381
383
130
88
383
311
348
145
371
349
381
383
168
218
95
140
350
298
346
328
248
360
360
336
110
357
100
359
375
153
123
72
120
383
106
372
148
379
102
127
205
376
73
258
226
378
208
131
367
339
282
374
267
71
353
362
138
368
374
336
374
186
378
165
108
336
215
375
366
66
378
331
351
349
70
150
144
185
347
131
162
137
372
378
365
177
360
148
324
318
143
331
373
344
384
70
90
379
371
118
382
362
175
109
121
296
76
128
278
112
194
329
359
85
102
338
116
348
71
247
73
382
95
111
340
318
312
383
204
367
206
151
361
104
350
363
77
370
369
361
372
194
145
85
153
381
182
217
258
143
189
92
340
200
71
255
144
146
98
382
175
133
66
167
109
382
380
383
163
135
327
93
245
370
356
373
164
150
347
355
69
126
178
340
143
118
364
151
123
345
70
361
141
87
91
336
378
109
341
240
333
212
369
116
185
379
341
139
85
384
303
148
68
327
68
178
352
306
115
333
153
362
374
345
354
382
126
231
284
163
381
372
248
224
120
309
142
104
372
143
177
377
245
130
218
114
231
358
368
342
277
115
181
204
165
372
356
211
376
114
367
364
122
77
205
90
123
144
166
369
184
321
209
154
112
146
64
165
381
116
123
133
160
106
157
202
159
119
131
316
135
194
139
176
72
91
332
81
120
294
239
190
166
109
117
324
241
144
80
102
166
334
132
348
369
80
211
358
172
218
377
245
253
193
210
311
97
186
371
140
328
188
169
375
170
129
362
133
197
141
382
86
202
73
84
366
81
319
113
362
93
95
152
237
220
97
322
150
365
170
185
138
354
359
290
369
130
153
185
364
361
324
344
297
98
340
141
135
68
305
136
381
154
100
119
269
289
323
286
221
355
97
368
313
360
117
143
137
342
148
365
117
193
359
360
376
110
375
103
266
125
112
343
114
372
210
249
179
346
373
145
187
127
289
379
382
154
76
266
373
359
105
190
213
350
75
151
128
279
238
65
354
313
323
119
180
353
168
146
381
131
300
366
370
140
79
224
357
97
176
382
378
289
340
366
378
290
117
319
115
341
372
373
233
364
179
188
199
96
230
364
142
344
218
153
119
368
103
120
126
272
374
186
354
322
377
327
366
341
360
205
362
199
82
219
136
214
318
92
256
384
75
313
132
210
178
379
209
272
256
204
146
91
182
138
323
144
372
380
118
78
368
154
237
311
162
107
270
95
376
143
94
371
217
178
380
363
359
347
381
213
335
88
260
333
144
303
72
154
365
381
330
187
188
335
359
348
363
151
109
177
250
122
157
124
160
118
145
160
120
99
376
331
216
84
81
128
266
330
365
162
369
67
99
121
88
364
376
375
66
179
357
358
146
170
70
84
383
86
105
178
222
119
340
351
365
359
110
360
99
168
126
340
77
374
374
182
156
158
178
127
199
191
215
116
178
66
185
71
160
96
136
107
91
363
174
359
381
83
331
183
80
87
132
105
89
306
153
94
75
68
122
378
209
357
169
96
186
357
365
147
133
67
161
382
159
363
97
382
377
379
130
140
321
355
271
82
150
368
156
353
372
80
127
83
145
215
127
355
182
138
178
338
128
372
203
349
88
64
378
358
194
320
381
96
110
374
134
85
366
163
359
141
173
365
72
254
200
308
355
372
99
336
195
109
371
364
180
331
110
95
376
151
373
100
370
162
101
107
290
155
144
85
361
166
113
124
223
76
189
147
154
137
364
331
372
345
381
200
124
384
253
378
297
372
357
335
102
214
101
372
379
82
156
324
66
361
172
159
144
135
76
132
354
366
380
337
176
148
96
337
85
211
343
141
188
362
175
91
117
251
372
150
196
82
131
381
78
135
186
330
104
309
379
107
290
130
317
366
234
351
151
382
156
96
180
157
339
366
212
179
327
130
119
351
353
133
338
379
382
374
359
353
362
133
170
174
67
367
216
162
110
268
156
108
364
320
106
297
75
89
183
196
378
99
183
150
107
381
65
218
363
351
369
373
88
116
201
379
335
354
212
166
330
380
125
158
175
184
348
148
216
222
108
81
383
346
150
373
71
381
128
127
380
369
327
290
352
365
380
372
146
198
95
292
280
352
376
124
340
381
372
244
361
77
282
243
185
329
158
219
174
372
222
206
219
168
167
356
205
248
154
216
230
361
141
383
378
187
183
246
133
91
379
68
339
94
351
88
264
381
148
147
124
173
380
82
335
291
243
353
230
219
151
135
238
89
349
77
359
340
140
362
84
118
373
207
76
374
93
276
122
286
337
64
167
379
113
238
268
362
107
184
362
123
191
78
356
198
95
296
370
365
84
101
355
118
168
166
315
381
380
170
278
201
71
357
340
369
362
351
373
380
127
110
384
68
75
122
105
149
283
327
383
162
185
96
335
222
142
178
358
72
374
135
371
199
171
354
122
369
224
375
347
163
96
365
331
183
344
164
144
103
184
373
340
137
170
357
146
326
254
98
381
375
184
264
376
313
132
356
347
327
374
289
112
122
209
295
328
100
378
318
370
380
215
147
377
127
363
75
143
83
73
352
257
110
157
350
245
86
187
198
203
162
81
124
343
360
95
195
368
374
337
305
149
206
134
199
354
375
175
381
383
348
363
290
145
377
120
160
339
353
162
339
138
352
158
242
103
141
119
374
357
338
354
342
198
366
368
126
83
133
105
368
276
180
208
188
67
104
200
342
343
344
215
229
178
370
377
330
248
118
82
368
121
121
166
227
162
102
365
345
224
116
116
371
201
139
326
136
382
91
201
340
107
331
96
160
381
378
160
160
141
341
310
343
278
346
170
359
76
151
146
378
164
161
131
365
134
383
111
105
130
354
329
192
108
370
131
382
112
149
311
109
115
195
179
342
346
140
366
176
315
157
345
183
184
241
349
228
107
359
351
315
154
214
379
373
138
169
113
107
376
364
108
364
81
177
105
75
92
233
346
361
363
297
117
189
380
350
137
202
137
324
325
118
154
140
92
237
132
135
377
130
123
125
127
352
169
379
358
379
168
103
179
150
249
305
372
138
96
370
365
97
334
217
378
342
97
103
297
364
87
350
344
90
367
133
74
339
127
75
126
172
376
153
195
192
380
383
194
380
218
338
363
346
360
373
224
353
384
115
341
255
133
122
88
359
167
271
73
371
367
197
359
157
162
361
110
165
135
120
373
71
104
313
203
377
146
175
107
119
64
355
181
104
365
75
375
227
274
106
280
361
125
110
148
330
338
120
119
384
165
351
75
254
110
118
269
361
251
121
308
173
119
289
368
128
84
286
148
362
224
219
382
206
145
169
201
156
262
181
145
226
104
247
347
117
86
217
205
172
91
355
156
380
339
383
124
293
112
378
279
147
143
323
384
340
383
81
110
207
292
249
72
112
289
165
332
177
358
312
118
153
361
147
379
144
115
186
380
379
93
134
168
349
289
127
355
342
375
369
81
335
361
211
97
368
211
353
260
350
74
243
327
354
224
366
84
340
83
66
305
309
337
85
313
241
345
94
170
381
140
72
315
168
87
283
77
161
166
76
152
352
163
68
180
349
250
371
351
109
121
94
84
101
342
355
249
309
110
262
144
134
355
110
343
362
339
374
203
140
335
130
290
214
90
134
71
379
172
225
194
375
100
367
350
353
211
373
183
106
364
171
170
127
183
102
74
309
136
129
383
155
143
166
238
86
380
145
249
93
352
358
303
327
113
111
337
177
199
314
157
196
161
86
69
167
373
183
90
81
305
102
384
178
124
112
116
64
346
343
212
378
366
243
301
340
123
96
259
332
370
136
188
372
77
175
111
133
110
125
192
187
311
196
373
206
378
382
381
125
243
117
154
336
358
156
367
357
143
141
78
380
153
338
362
322
312
367
194
328
110
362
69
76
202
362
379
111
139
188
355
355
319
185
372
186
140
71
333
317
238
366
146
185
365
126
362
201
360
101
79
346
129
375
368
82
123
161
366
361
104
369
362
90
194
342
186
370
135
349
357
338
206
247
355
314
110
121
211
153
240
376
186
160
367
72
304
235
367
264
346
377
153
134
162
321
118
174
114
85
381
187
335
359
145
65
86
242
381
233
140
199
70
136
148
363
101
301
66
220
382
365
127
231
242
233
222
96
102
150
321
163
297
183
383
334
159
128
223
373
383
161
115
351
365
118
202
96
356
371
340
167
135
315
67
194
119
366
336
341
139
118
138
156
82
379
229
239
373
368
324
197
353
104
64
145
372
334
175
384
373
204
124
360
155
116
309
383
68
378
208
299
120
142
220
155
86
378
197
355
185
374
218
241
358
194
87
67
320
374
365
375
209
158
344
69
148
371
309
378
361
107
358
256
279
153
363
346
326
348
149
112
378
147
136
152
98
369
174
347
159
126
152
341
373
131
163
97
339
141
342
369
352
167
142
362
143
187
355
249
348
93
286
134
364
176
354
267
311
379
153
349
331
298
357
159
152
164
110
213
375
99
362
143
335
370
372
247
362
352
366
176
180
95
365
179
139
148
357
377
373
230
124
207
124
353
121
269
124
100
65
116
274
352
363
115
348
345
373
383
177
376
383
94
108
179
384
346
245
216
298
89
218
329
380
361
240
366
310
354
127
345
83
312
242
225
164
348
272
175
253
365
68
366
343
117
100
326
135
335
100
67
332
191
361
366
186
177
226
100
174
225
124
382
209
128
85
306
100
116
181
98
196
133
167
114
360
125
201
174
217
153
67
373
377
363
314
123
374
368
341
196
276
154
205
127
174
255
238
310
86
102
67
262
134
319
379
383
360
363
128
381
157
204
271
68
181
70
165
359
156
353
151
244
184
108
362
155
191
85
130
375
107
145
170
199
366
88
311
371
343
361
131
98
317
227
305
215
201
136
113
373
81
211
88
312
333
371
300
363
355
367
135
370
111
113
75
157
121
219
308
342
368
121
335
105
377
85
95
360
366
337
355
65
139
223
376
145
114
227
200
275
348
116
344
372
218
365
384
381
88
166
370
96
327
233
115
345
188
147
369
379
377
328
134
304
135
138
321
324
377
84
108
134
299
79
194
101
210
75
359
257
102
113
80
168
145
156
188
341
155
74
352
245
374
130
204
67
120
136
113
90
283
159
179
210
65
250
304
110
137
360
325
154
75
95
269
330
366
383
379
138
129
90
372
90
80
164
127
147
103
69
343
66
96
318
102
352
216
313
160
75
354
315
193
114
133
82
217
377
357
121
126
382
377
66
350
187
229
163
144
147
150
356
77
75
245
68
355
164
365
361
135
134
132
384
69
370
196
360
141
378
343
97
353
184
92
324
178
177
368
199
374
75
252
373
135
67
69
311
373
275
129
367
363
125
364
339
94
153
352
354
361
165
362
108
371
253
367
108
72
381
171
350
200
316
322
377
165
330
363
253
335
338
343
377
80
358
92
366
256
360
373
87
219
328
373
109
249
227
141
172
305
338
331
72
151
66
107
91
79
376
83
280
226
378
164
367
372
355
377
369
78
380
167
248
64
208
259
364
169
137
123
170
368
225
143
228
93
165
360
381
117
377
329
251
86
88
323
350
373
111
260
364
192
66
154
309
381
368
115
118
65
190
347
110
348
337
356
190
320
366
374
245
127
148
274
289
361
382
83
374
323
256
352
304
85
137
86
365
165
142
66
352
315
70
182
364
101
161
155
375
107
136
127
86
229
215
187
321
308
102
218
381
235
184
71
366
132
271
375
77
328
104
374
354
345
360
183
348
281
185
165
313
250
144
272
148
312
149
267
347
98
81
296
284
97
206
368
210
297
255
378
378
347
376
144
366
71
147
87
327
97
384
146
100
117
203
141
95
205
71
147
100
373
174
160
361
368
225
103
87
174
167
87
153
350
228
309
299
195
127
189
116
364
337
327
219
362
240
378
286
85
103
149
331
256
186
191
66
178
320
132
78
343
380
125
371
197
382
366
343
343
203
308
174
145
147
200
86
65
138
345
148
131
90
106
186
213
161
235
167
258
71
177
191
362
381
330
102
366
178
215
86
77
108
178
298
175
131
90
384
167
377
200
376
144
102
222
367
184
126
362
126
127
108
368
70
282
382
177
369
373
167
141
349
356
330
93
221
177
378
368
370
149
128
100
116
318
232
297
86
169
378
135
288
332
192
379
346
304
126
165
267
355
262
325
281
95
337
339
65
205
229
334
282
357
150
376
134
372
349
363
140
234
99
250
325
378
327
383
383
209
346
377
98
371
150
143
347
364
369
246
336
382
